821
29466
573
28116
357276
562
853
1308
817
818
39491
47678
680
729
246787
1796613
214856
851
28118
328814
1747
292800
649756
301301
74426
571
39488
548
39485
28132
1160721
2025876
418223
584
187327
208479
28131
823
1492
1680
1496
550
239935
907
1912897
1297617
290053
248315
2702
1303
28141
1834196
1396
47917
1322
29360
216816
1177574
1689
28113
837
2086584
39483
376805
1358
712357
28119
860
158836
1871021
589437
28037
52227
1282
244366
839
28129
589436
1134687
732
545
1502
249188
569
84112
1463165
1305
1280
1712675
2161821
615
1491
47715
334852
727
1981510
1812935
76123
397865
652716